950
950
950
511
511
246
246
246
536
897
897
897
536
511
950
950
303
303
481
532
981
994
994
981
981
532
481
511
536
536
14
28
963
963
28
28
28
14
511
481
481
532
532
994
303
950
897
246
246
364
364
364
897
950
303
994
994
511
14
963
536
981
776
776
981
536
963
14
511
303
950
897
246
532
481
481
129
129
532
246
246
897
897
950
950
950
950
303
511
511
14
963
536
981
981
776
994
364
364
28
445
493
587
587
493
445
445
28
28
28
994
776
776
536
963
14
14
303
532
129
481
481
669
669
669
129
532
532
532
532
303
963
536
994
493
587
364
364
364
364
364
981
511
511
897
246
246
897
981
587
493
493
994
994
536
536
963
303
129
481
14
776
776
445
118
118
445
14
481
129
303
963
587
981
897
246
511
669
669
28
950
5
406
406
5
950
28
28
28
511
246
897
981
587
963
303
129
129
129
481
481
481
14
445
118
776
776
536
994
493
493
225
225
225
225
382
664
677
677
677
664
664
664
664
664
382
994
536
536
118
445
445
445
14
303
963
587
587
981
981
897
246
511
950
5
5
406
406
669
669
669
669
532
532
532
883
883
950
511
511
511
511
246
246
246
897
963
303
14
118
994
382
382
493
776
364
364
776
493
994
118
14
303
303
963
897
950
883
406
5
5
981
587
536
536
536
536
536
677
481
129
28
97
826
971
984
984
984
984
971
826
97
97
28
28
28
28
28
129
481
677
677
677
587
981
981
406
406
883
950
950
950
897
963
963
14
118
994
994
493
776
364
382
532
532
445
225
225
445
382
364
776
776
493
118
118
14
14
897
883
883
587
481
129
129
826
971
5
303
246
669
673
880
880
673
669
669
246
303
5
971
971
826
481
587
587
897
493
364
364
382
445
225
225
225
225
532
994
994
963
406
981
981
97
511
664
191
962
962
191
664
511
97
406
963
532
445
382
493
897
481
826
826
5
303
246
673
673
673
673
880
129
129
883
14
118
776
950
677
984
984
69
69
660
660
677
950
950
950
776
118
14
883
883
880
246
303
5
5
481
481
897
493
382
445
532
963
406
97
97
511
511
511
664
191
962
981
981
981
994
364
587
587
971
971
669
669
536
7
7
424
786
905
905
905
905
905
905
905
905
786
424
424
536
364
364
994
994
994
962
191
664
406
963
532
532
445
382
493
897
303
303
246
880
14
118
776
677
660
69
69
984
129
129
826
826
28
117
269
269
117
28
28
984
660
677
776
118
118
14
880
246
897
493
382
445
963
963
406
664
191
962
536
786
7
7
669
669
971
971
587
97
481
481
5
883
883
225
70
70
70
70
70
70
70
997
997
225
5
5
97
587
786
536
962
191
664
406
406
445
382
493
897
246
880
14
14
776
677
660
984
117
269
826
129
129
69
303
303
532
364
424
424
424
424
981
981
511
950
950
673
911
911
673
511
364
532
69
69
69
826
826
826
269
117
117
984
660
660
677
776
776
880
246
246
897
493
493
382
445
664
191
191
962
962
536
786
587
587
97
97
225
225
997
883
481
971
669
7
963
118
118
118
118
118
28
28
994
994
994
994
963
7
7
7
669
971
481
883
997
786
786
536
536
664
664
664
445
382
897
880
677
984
269
269
269
532
532
364
511
673
911
950
950
981
303
303
129
14
406
406
5
5
295
295
710
710
14
129
981
981
911
673
673
511
364
984
984
677
677
677
880
880
897
382
382
445
997
883
481
971
669
963
963
28
28
28
225
97
587
587
962
191
493
493
493
246
776
776
660
117
544
544
622
622
622
634
634
634
117
660
660
246
191
962
962
97
225
669
971
481
883
997
997
445
897
364
511
911
129
14
710
710
295
5
406
303
950
532
532
536
786
826
69
69
69
69
424
572
731
876
876
731
572
424
826
826
826
786
536
950
950
303
406
5
295
14
129
129
911
911
511
511
364
897
897
445
883
883
481
481
971
971
669
669
225
97
191
191
191
246
246
117
117
117
544
776
587
963
963
382
880
984
673
981
269
269
664
7
7
7
994
994
905
788
788
905
905
664
981
673
984
880
880
382
587
776
544
97
225
445
364
14
295
5
406
303
536
536
536
536
536
786
786
424
572
731
731
876
532
710
997
997
962
660
660
634
634
622
493
28
677
118
118
118
70
70
677
28
28
493
622
962
710
532
532
876
572
572
424
424
424
424
303
406
5
295
14
364
445
225
97
97
97
544
544
776
587
382
984
673
981
664
788
994
269
963
246
669
971
481
883
897
511
911
129
950
464
464
937
937
950
950
129
129
911
911
911
511
511
897
883
481
971
971
971
971
669
669
246
246
246
963
963
269
994
994
788
664
981
673
984
382
587
776
225
225
225
445
364
364
14
295
5
406
303
303
876
710
962
962
622
493
493
493
677
70
634
634
660
997
731
786
880
905
905
7
117
191
826
69
304
703
703
304
69
826
826
191
117
7
7
880
786
731
731
731
731
997
997
660
70
70
70
70
677
622
710
876
876
876
406
406
5
5
295
295
14
14
445
776
776
776
587
382
984
673
981
664
788
788
269
269
481
883
897
937
464
544
544
572
572
532
28
118
118
24
402
800
849
925
925
849
800
402
24
28
532
464
937
937
897
883
481
481
664
981
673
984
382
587
445
710
622
622
677
660
786
880
117
191
191
69
304
703
905
634
634
634
634
962
303
303
364
364
364
994
994
963
669
511
129
950
97
378
389
759
909
909
909
759
389
378
97
950
129
129
511
511
669
963
962
962
905
703
703
703
304
69
69
117
880
880
880
786
660
660
677
710
445
587
382
984
984
673
673
673
673
981
981
664
664
664
883
883
897
897
464
532
28
24
402
800
849
925
118
572
544
269
788
14
295
5
406
997
7
826
493
225
246
911
911
424
424
536
536
9
9
604
604
604
246
246
225
493
493
493
826
826
826
7
7
997
997
406
406
5
295
295
14
788
269
269
544
572
572
118
925
849
800
402
24
24
24
28
532
464
464
464
382
587
445
710
710
677
677
786
117
304
905
963
669
950
97
378
389
389
759
994
303
191
622
481
937
776
876
971
100
488
488
488
100
971
971
971
876
876
776
937
937
481
622
191
191
303
994
994
759
378
97
950
950
669
669
963
905
304
117
117
117
786
786
786
445
587
382
532
28
28
28
402
800
849
925
118
544
788
788
788
788
788
14
14
5
225
225
9
536
424
911
897
883
981
984
660
69
962
511
511
129
909
364
70
731
731
413
522
915
915
522
413
413
70
70
364
909
129
962
69
660
984
981
883
897
911
911
424
424
536
9
9
5
544
118
925
849
800
800
402
532
532
532
382
587
445
304
905
905
963
97
378
378
759
303
303
303
622
481
776
100
389
677
710
710
572
572
269
269
295
406
997
7
246
246
604
604
664
880
703
634
634
703
880
880
664
664
7
997
997
997
406
295
677
389
100
100
776
481
622
622
759
759
759
97
963
963
304
304
445
445
445
587
382
382
402
849
849
925
925
118
544
5
5
536
897
883
981
981
984
984
660
69
69
962
129
909
364
522
522
915
731
731
511
225
14
669
950
994
191
937
876
876
488
464
24
826
826
826
826
493
673
85
185
914
914
185
85
673
493
24
24
24
464
464
464
488
488
937
191
994
950
950
669
14
14
225
511
915
915
364
909
129
962
660
883
883
897
536
544
118
118
402
587
97
481
481
776
776
776
389
677
677
295
295
406
7
7
703
703
634
634
604
604
246
246
269
572
710
378
905
905
800
9
424
911
70
70
413
28
28
786
117
117
117
971
971
302
492
501
809
809
809
501
492
492
302
786
786
413
911
424
9
800
378
710
572
572
269
406
389
97
587
587
402
544
536
897
660
962
129
129
129
909
364
364
511
225
669
669
994
191
191
191
191
937
493
673
85
185
914
876
731
522
69
984
981
5
5
925
849
382
304
963
622
100
664
880
303
532
532
629
629
629
303
880
664
100
622
622
963
304
382
849
925
981
984
69
69
522
522
731
876
914
914
185
85
85
673
493
937
994
994
225
511
909
962
660
897
536
544
544
402
97
389
406
406
269
710
710
378
800
9
9
424
911
911
413
413
302
302
302
501
971
28
70
905
246
246
246
246
604
634
703
7
7
295
677
481
481
118
118
883
915
14
950
488
445
445
759
997
788
788
788
788
479
479
997
759
488
950
14
915
915
883
883
677
295
703
634
604
905
70
28
971
971
971
971
501
424
424
800
800
378
269
389
389
97
97
97
402
536
536
536
897
660
962
909
511
225
225
937
493
673
673
673
673
185
876
731
984
981
981
925
849
849
382
382
304
963
100
100
664
880
303
532
5
5
5
669
364
587
587
572
786
492
809
117
117
776
776
464
24
24
826
868
868
826
464
464
809
492
786
786
786
786
786
572
364
364
669
532
303
303
303
303
880
664
963
304
925
925
984
731
876
876
876
185
185
493
493
937
511
909
962
660
660
660
660
897
402
402
269
269
378
501
28
70
905
604
634
703
295
295
677
14
14
14
950
488
488
759
759
997
479
479
445
118
118
481
7
413
911
911
911
9
9
710
710
406
406
544
994
994
85
914
522
522
69
69
622
629
129
197
197
197
197
201
276
276
678
678
678
678
201
201
201
129
629
629
622
914
85
544
544
413
413
7
481
445
997
997
950
677
677
703
634
634
634
604
905
70
70
28
501
378
897
962
962
909
511
937
731
984
304
963
963
664
880
532
669
572
572
492
492
809
826
826
868
24
776
776
117
117
587
100
382
849
981
225
389
800
424
424
424
883
883
883
915
302
302
302
191
949
949
191
915
800
389
225
981
981
849
382
100
587
24
24
868
868
868
809
669
532
532
880
664
664
664
304
304
984
731
937
937
937
937
937
511
909
897
378
501
28
905
604
604
703
703
950
445
481
481
7
85
914
622
622
129
276
276
69
522
522
994
406
406
710
9
9
9
118
479
759
488
295
269
269
402
493
493
185
925
364
364
464
5
536
536
97
788
246
231
361
956
956
956
361
231
231
246
788
97
5
464
464
464
925
185
185
402
295
488
488
488
488
488
759
479
118
710
994
994
69
69
129
914
85
7
445
950
905
28
28
501
501
501
378
378
897
897
909
511
511
511
731
984
880
669
669
669
809
587
587
100
382
382
849
225
225
225
389
800
915
191
949
949
117
776
776
826
492
572
572
963
963
962
962
70
677
997
997
413
413
544
544
544
629
911
14
876
673
971
50
409
409
409
50
971
673
673
673
876
876
876
876
14
911
629
629
677
677
70
492
826
826
826
117
191
191
915
800
800
389
389
849
100
809
880
984
984
984
731
909
909
909
905
950
445
7
85
914
129
710
118
479
759
295
402
925
5
5
5
97
97
788
246
246
246
361
536
364
493
269
269
269
406
406
406
522
276
276
622
622
481
703
604
304
304
532
24
981
302
302
883
883
424
424
424
424
424
424
634
634
201
678
197
660
303
303
303
660
197
678
201
981
24
532
604
703
703
481
522
493
364
364
364
364
536
361
361
788
925
925
402
295
759
479
479
118
710
129
129
914
914
85
7
445
445
950
905
731
880
809
100
849
915
117
492
492
70
70
911
911
911
14
14
971
971
971
50
50
413
997
962
962
963
572
776
949
382
587
587
897
897
378
378
28
69
69
994
185
231
231
956
9
9
664
868
786
786
131
159
432
432
441
441
636
830
830
830
636
159
131
868
664
956
185
994
994
28
382
949
949
776
776
572
963
963
997
413
117
117
117
915
849
100
809
880
731
905
905
950
7
85
85
85
85
710
118
759
295
295
295
295
402
788
788
536
493
522
522
522
522
522
481
604
532
24
981
201
678
197
660
634
883
302
304
622
276
97
389
800
191
677
629
409
544
544
225
669
511
501
464
464
501
511
669
225
225
409
629
677
191
800
389
97
276
622
622
304
302
883
883
883
883
883
883
634
660
197
197
197
678
201
201
981
24
532
604
481
493
536
402
759
118
118
710
710
7
7
950
950
731
731
880
809
809
100
849
915
413
997
572
382
28
185
956
664
868
131
159
636
636
636
441
432
432
432
432
432
432
786
9
231
69
378
897
587
962
962
962
962
962
962
50
14
70
492
445
914
129
479
479
479
479
925
361
361
703
703
303
303
303
406
269
269
246
5
909
984
826
673
937
273
273
698
698
937
937
937
673
826
984
909
909
5
246
246
406
925
925
129
914
445
492
70
14
50
587
897
897
378
69
231
231
9
786
441
159
131
868
664
956
185
28
28
382
382
382
572
997
413
915
915
849
100
880
759
402
536
536
493
493
481
604
604
532
24
24
981
678
660
634
302
304
276
97
389
800
800
800
191
191
677
629
409
669
669
511
501
501
501
464
544
544
544
788
905
963
776
949
949
994
830
971
911
876
488
878
878
488
876
911
971
830
830
830
994
776
963
905
788
464
464
511
409
409
629
677
389
97
276
304
302
634
660
678
678
981
532
481
402
402
759
759
880
880
100
100
849
413
997
572
185
956
664
868
868
868
131
131
159
159
159
441
786
9
9
69
378
587
50
14
14
14
14
70
492
445
914
914
129
406
5
984
826
673
698
698
273
269
269
703
361
809
809
731
731
731
950
7
7
710
710
118
118
201
622
225
225
117
364
364
321
386
741
941
941
741
386
321
321
117
117
117
117
622
201
950
361
703
273
673
826
826
984
5
406
406
129
445
445
492
492
70
50
587
587
378
69
786
786
441
664
956
956
185
572
997
997
413
413
413
849
481
532
981
981
660
660
660
634
302
302
302
302
304
276
276
276
97
389
677
629
629
511
788
905
963
776
994
971
911
911
911
876
488
488
878
949
669
191
24
24
604
493
536
536
915
28
231
231
897
897
925
925
925
925
925
925
246
246
909
303
636
197
295
295
295
85
424
645
645
424
424
85
197
636
636
303
909
28
28
915
493
604
191
669
669
669
669
669
949
878
878
878
876
971
971
994
776
963
905
788
788
788
511
677
677
389
97
304
634
532
481
849
572
185
664
664
441
69
378
378
50
70
70
129
5
984
673
673
273
703
703
361
950
950
201
622
622
386
741
741
941
364
364
225
118
118
710
7
7
7
809
269
698
914
9
9
9
9
131
131
100
880
759
402
678
409
464
464
544
501
501
501
800
800
382
937
479
522
626
626
626
522
479
479
937
382
382
544
409
678
402
759
880
880
880
100
914
698
698
269
809
710
710
225
941
386
201
361
273
273
273
984
984
5
129
50
69
69
441
185
185
572
572
572
849
481
481
481
532
634
634
634
304
97
389
511
511
905
905
963
776
776
994
876
949
191
604
604
493
915
909
909
909
303
303
303
303
197
85
85
645
246
246
897
231
231
536
24
488
488
629
981
997
997
956
786
587
492
492
445
445
406
826
321
731
159
868
830
616
616
616
827
827
830
868
159
731
321
826
406
587
587
587
786
956
981
629
24
536
897
645
197
915
493
191
949
876
994
994
994
963
389
97
97
304
532
849
441
50
129
129
5
361
201
201
386
941
941
225
809
269
914
914
100
100
100
759
402
678
409
544
544
937
522
800
800
464
131
118
364
741
622
950
703
673
673
70
378
378
664
677
677
971
28
636
424
424
295
911
911
276
660
660
660
413
14
962
432
432
883
470
470
883
962
962
14
14
413
276
276
276
295
636
636
28
971
664
70
70
703
950
622
741
741
364
364
118
131
464
522
937
409
678
402
759
759
269
809
225
386
361
361
361
361
5
50
441
441
441
849
532
532
304
304
389
963
876
876
876
949
191
191
493
493
915
197
645
645
645
897
536
24
629
981
981
981
956
786
406
826
321
731
159
868
830
827
445
492
997
997
488
231
246
85
604
604
604
604
776
905
511
185
69
984
710
698
698
698
382
479
626
501
7
7
788
788
878
878
878
302
302
117
117
228
775
775
775
228
501
626
626
626
626
479
479
382
710
710
984
69
185
511
905
776
85
85
246
231
231
488
492
445
827
830
868
159
731
321
321
826
406
786
786
956
629
629
24
536
897
897
197
197
197
915
949
963
389
849
50
50
5
5
386
225
809
269
269
402
402
402
678
409
937
522
464
464
131
118
622
950
703
664
971
971
28
295
295
295
295
413
883
883
883
470
432
911
911
424
677
677
677
378
673
673
800
544
914
941
941
201
201
201
129
97
616
909
634
481
572
273
880
880
9
161
219
964
964
219
161
9
9
273
572
572
572
572
481
634
909
616
616
616
97
129
914
914
544
800
378
378
424
432
470
470
413
413
28
664
703
950
950
950
622
118
118
131
131
522
937
409
678
809
225
225
386
849
389
389
963
949
915
915
915
536
536
24
956
956
406
826
731
159
868
830
827
827
445
492
488
488
488
488
246
246
776
905
905
511
185
185
69
69
984
382
382
501
501
501
228
117
117
117
117
117
302
788
788
788
7
997
493
191
304
304
532
532
759
364
364
364
741
70
636
636
636
14
962
660
100
994
994
994
587
587
303
303
669
925
157
157
157
157
770
783
783
783
770
770
925
669
100
660
962
962
962
962
14
70
741
759
191
493
493
997
997
7
302
228
228
984
511
511
776
492
445
445
830
868
159
731
826
826
826
406
406
406
24
24
24
949
963
849
386
809
678
678
409
937
522
522
622
622
703
664
28
432
424
800
544
129
97
97
909
634
481
273
273
161
161
219
219
964
964
880
941
673
673
911
911
971
464
269
269
5
5
5
50
50
897
897
629
786
321
321
231
85
85
710
710
710
710
710
479
775
775
878
698
981
981
645
645
645
876
441
276
468
734
886
886
886
886
734
468
276
441
876
698
698
878
878
878
479
231
786
629
464
464
971
971
941
880
481
481
634
634
909
129
544
800
424
432
28
28
28
28
28
664
703
703
937
409
809
386
849
963
963
949
731
159
868
830
492
776
984
984
302
7
191
759
759
741
741
70
14
660
100
100
669
925
303
303
303
303
587
587
532
304
382
69
69
185
905
246
827
956
536
389
389
225
225
131
118
413
470
470
378
914
9
9
201
201
677
883
402
197
197
197
604
361
412
412
442
538
872
872
872
538
442
361
604
402
402
883
677
914
914
914
378
413
118
118
118
118
118
131
536
536
956
827
827
827
246
905
185
382
382
304
304
532
532
925
669
669
660
14
70
191
7
302
302
776
492
492
830
868
159
731
949
849
386
386
809
809
409
409
409
937
937
664
432
432
432
424
800
544
129
909
880
880
941
629
786
231
231
479
876
876
441
276
468
734
981
775
85
85
321
897
897
50
269
911
911
673
964
219
161
161
161
273
97
97
622
622
522
522
678
678
445
445
511
228
997
493
770
783
994
636
364
788
501
915
950
616
616
616
295
295
626
375
762
860
987
987
860
762
762
762
375
626
626
626
950
915
501
788
364
636
994
783
770
493
997
997
228
511
273
273
273
273
219
219
964
673
673
269
269
50
50
50
321
775
981
734
468
468
468
468
276
441
479
479
786
786
629
941
941
941
909
909
129
129
544
800
800
424
664
849
949
731
159
868
868
830
830
776
776
7
191
70
70
14
14
14
660
925
925
925
925
185
185
905
246
956
131
131
131
131
413
413
413
378
677
677
883
604
604
361
442
442
538
412
201
9
470
225
389
389
69
69
587
587
100
741
759
984
963
703
703
634
481
481
971
464
698
698
698
645
5
5
5
5
24
406
826
826
157
157
157
157
488
572
572
167
930
930
930
930
167
167
488
488
406
24
645
464
971
634
963
984
759
741
100
225
470
470
9
201
412
412
538
538
538
538
361
883
378
956
956
246
905
660
660
660
191
7
159
731
949
949
949
849
664
664
424
544
629
441
276
276
734
981
981
775
321
964
964
964
511
511
511
228
228
493
493
770
783
994
636
364
788
501
915
915
915
915
950
375
860
987
295
445
445
678
678
678
522
622
622
97
911
897
897
897
85
876
231
880
880
937
937
937
809
809
386
492
302
302
669
532
304
304
382
382
382
536
402
872
872
197
878
886
962
117
117
117
114
114
114
940
940
962
886
886
878
197
402
536
532
669
669
492
386
231
876
85
911
911
97
522
522
522
522
295
295
295
295
987
860
375
950
501
501
501
501
501
788
788
364
636
994
994
783
783
770
321
775
734
441
629
544
424
424
849
731
159
159
7
7
191
905
246
378
883
361
361
201
9
9
225
100
741
759
984
984
963
634
634
971
464
645
24
24
24
24
406
572
826
481
703
587
69
69
389
389
442
604
604
677
185
185
70
776
830
868
800
129
909
909
786
479
479
479
269
673
219
997
997
997
616
161
432
409
827
914
303
303
710
330
656
838
838
656
330
330
710
914
827
827
409
432
161
161
161
616
219
673
269
786
786
129
800
800
800
868
830
830
776
70
677
442
587
703
703
481
826
572
406
406
645
464
464
971
963
759
741
741
741
100
100
225
225
201
883
378
378
246
905
905
905
905
191
191
731
731
849
544
629
629
441
734
775
321
770
636
364
950
375
860
987
97
85
876
231
231
386
492
492
532
532
532
536
402
402
197
878
962
940
872
304
302
809
880
622
445
493
228
981
981
981
981
276
664
664
956
412
470
488
167
698
413
413
413
413
14
941
941
941
50
626
626
762
762
28
547
547
547
965
965
28
28
28
50
14
698
698
167
167
488
470
412
412
956
956
276
228
493
445
622
880
880
809
809
302
304
872
940
962
878
197
197
536
536
386
876
85
85
97
987
860
860
375
375
375
950
364
636
770
321
775
734
734
441
544
849
246
883
201
201
759
759
759
963
971
971
645
645
572
572
572
572
572
572
826
481
481
587
442
442
677
70
776
868
129
129
269
269
673
219
616
432
432
409
914
710
656
838
303
909
185
604
389
389
389
69
634
984
984
9
361
7
159
159
424
424
424
783
994
994
788
788
911
669
669
886
886
886
886
886
114
117
117
117
382
937
897
678
511
511
511
964
949
949
660
930
157
157
5
131
131
925
468
468
273
118
160
160
213
528
528
213
118
273
925
5
930
660
660
964
964
964
678
897
937
937
382
114
911
911
911
783
7
361
361
9
634
69
604
604
185
185
909
303
838
656
710
914
409
409
409
616
616
219
673
868
776
776
70
677
587
826
963
963
883
246
849
544
441
775
321
770
770
636
636
364
950
950
950
987
987
987
97
876
876
386
878
878
878
962
940
872
304
302
622
445
493
228
228
228
276
470
488
14
50
965
762
626
664
402
492
492
231
629
731
191
378
378
378
225
225
100
100
100
464
406
703
703
830
786
827
827
330
997
997
479
479
915
915
538
538
538
177
177
330
786
786
786
786
830
406
406
464
464
191
191
191
191
731
629
629
231
231
402
664
626
626
762
