1
1
1
7
34
34
34
34
35
39
48
52
67
68
70
83
106
106
106
114
114
127
138
149
150
150
156
172
198
198
198
198
198
198
205
229
229
248
248
289
295
301
301
307
328
357
382
392
403
403
404
407
418
426
426
426
436
464
490
491
500
511
539
583
583
588
659
664
685
701
701
701
719
769
769
782
782
782
782
782
782
782
796
802
808
808
835
838
838
860
860
926
949
949
949
926
926
835
802
796
719
685
664
659
659
659
659
588
539
511
500
491
490
464
436
418
407
407
407
407
404
404
392
382
357
328
328
328
307
295
289
205
172
156
156
156
149
138
127
83
83
70
68
67
67
67
67
52
48
48
48
39
39
35
7
7
2
3
3
6
6
6
28
37
37
38
60
77
82
107
122
122
122
153
177
177
182
182
242
242
242
244
261
322
331
345
354
393
393
399
414
414
423
434
434
467
510
510
538
542
551
552
604
604
626
628
628
654
690
692
726
726
727
733
751
755
757
757
757
768
768
784
784
784
785
798
845
845
846
846
846
853
872
872
885
897
897
897
904
938
938
952
952
957
957
904
885
853
798
785
755
751
733
733
727
692
690
690
654
626
626
552
551
551
551
551
551
551
542
542
538
467
423
423
399
399
399
354
354
345
331
331
331
322
261
261
244
153
107
82
82
77
60
38
38
28
28
2
35
52
68
70
127
138
138
149
172
205
289
289
289
295
307
357
357
382
392
418
418
436
464
490
491
491
500
511
539
588
588
664
685
685
719
719
796
802
835
860
838
808
769
583
403
403
301
248
248
248
229
150
114
114
15
15
15
72
88
88
88
88
90
116
116
171
195
201
235
239
245
245
245
268
292
293
312
312
335
337
338
338
338
411
441
457
478
478
482
535
535
537
541
545
573
573
573
573
573
585
590
599
627
627
627
669
669
683
767
778
792
871
884
894
894
896
905
974
979
979
974
974
905
896
884
871
792
778
767
767
683
683
599
599
590
590
585
545
541
541
541
537
482
482
457
457
441
441
441
411
337
337
335
335
293
292
268
268
268
268
268
239
235
201
195
195
171
90
72
150
229
301
301
301
583
769
808
838
860
835
835
835
802
796
664
664
664
539
539
511
500
490
490
464
436
392
392
382
307
307
307
307
295
295
205
205
172
172
149
127
127
127
70
70
70
68
52
35
2
60
60
60
60
77
77
77
107
107
153
244
322
345
345
345
467
538
552
654
654
692
727
751
751
755
785
798
853
853
885
904
957
952
938
872
872
872
845
768
726
628
604
604
510
510
434
434
414
393
182
177
37
37
3
7
7
39
39
39
39
83
404
926
949
701
426
426
106
1
9
11
47
47
53
58
69
81
81
81
81
101
110
115
115
145
147
188
188
193
194
194
209
209
256
273
274
274
302
302
302
304
352
374
374
374
380
386
424
428
428
445
474
480
480
494
497
503
524
524
531
531
536
550
643
645
662
698
698
703
744
761
766
770
813
813
836
836
839
847
858
859
867
878
878
980
986
986
993
993
993
993
993
996
996
980
980
980
980
980
867
859
858
847
839
770
766
761
744
703
662
645
643
643
550
536
503
503
497
494
494
474
445
424
386
386
380
352
352
352
352
304
273
273
256
256
193
147
145
145
110
101
101
69
58
58
53
11
11
11
9
1
1
106
106
106
106
701
701
701
701
949
926
404
83
83
3
3
177
177
182
393
414
414
628
726
726
726
726
768
845
845
938
952
952
952
952
952
952
952
957
957
904
904
885
798
798
785
755
727
692
552
538
467
322
322
244
244
153
2
35
52
52
68
149
382
436
436
464
464
464
500
500
500
511
796
802
802
860
838
838
808
808
808
769
769
583
229
229
229
150
72
90
90
171
201
235
239
292
293
411
537
537
545
585
585
778
792
871
884
896
905
905
979
894
894
669
535
535
535
478
312
116
116
114
114
403
719
685
588
491
418
357
357
138
28
28
38
82
261
354
354
354
354
354
423
423
423
542
626
690
733
897
897
846
846
784
784
784
784
784
757
757
242
122
6
48
48
156
328
34
13
27
36
54
91
91
91
91
100
112
141
152
152
152
166
169
196
196
200
200
200
203
247
247
254
275
275
375
389
397
417
417
449
468
468
518
589
630
641
660
660
677
693
694
764
764
764
764
764
776
776
783
791
801
801
801
883
883
883
888
891
893
910
929
956
956
956
959
962
962
962
962
1000
1000
1000
959
959
959
929
910
893
893
891
891
888
791
783
694
693
677
677
641
630
630
589
589
518
518
518
449
449
397
389
389
375
254
203
169
166
166
166
166
141
112
112
100
100
54
36
27
27
27
27
27
13
13
13
13
34
34
328
156
6
122
122
242
733
690
626
626
542
261
261
82
38
138
138
418
491
491
588
685
719
403
312
312
312
312
478
669
979
979
896
884
884
871
871
792
792
778
778
778
545
411
411
293
293
293
292
239
235
201
171
171
72
150
150
583
583
860
796
511
511
382
382
382
149
68
68
68
68
35
35
2
2
2
153
153
467
538
552
552
552
692
692
727
755
785
885
938
768
628
628
393
182
404
926
949
949
9
53
69
69
110
110
110
110
147
193
304
304
380
424
445
445
445
474
497
497
497
536
550
645
662
703
744
761
761
761
766
770
839
847
847
858
858
859
859
867
867
996
986
878
836
813
698
698
698
698
698
698
531
524
480
428
274
209
194
188
188
115
47
426
7
37
434
510
510
604
853
853
853
853
751
654
107
107
172
172
172
172
205
295
392
392
490
539
195
195
335
337
457
457
482
482
590
599
683
767
974
627
338
245
15
248
289
331
399
67
67
67
407
659
40
57
57
71
85
113
113
119
132
151
178
181
253
253
253
253
255
255
257
257
260
262
262
276
276
276
313
313
313
313
327
363
413
432
471
471
522
560
572
572
572
576
578
594
594
610
610
618
647
647
670
670
696
700
705
712
738
745
763
763
763
786
797
855
912
912
930
930
930
939
948
950
960
960
976
976
950
950
950
950
948
939
855
797
797
786
786
745
745
738
712
705
705
700
700
696
618
618
578
578
578
578
576
560
522
432
413
363
363
363
327
260
181
178
151
132
119
85
71
40
659
407
399
331
289
248
248
15
245
338
627
974
974
767
683
599
590
337
335
539
490
295
205
654
751
751
604
434
37
37
7
426
426
47
115
194
209
274
274
428
428
428
480
524
531
813
813
836
878
986
996
839
839
839
770
766
766
744
703
662
645
645
550
536
536
536
536
536
474
424
424
380
193
147
53
53
53
53
9
926
404
182
182
393
768
938
885
785
755
727
538
538
467
149
796
796
860
860
72
72
201
235
239
292
545
896
669
478
403
719
685
588
588
418
418
38
82
542
690
733
242
6
156
156
328
36
54
54
141
169
169
169
203
254
375
397
397
397
641
641
693
693
694
694
694
694
783
783
791
888
910
929
929
776
660
660
660
468
468
468
417
275
247
196
196
48
48
757
757
846
897
897
28
28
28
357
114
116
116
894
905
585
537
90
769
769
769
769
838
802
436
436
52
52
52
244
322
322
322
798
904
957
845
414
177
177
3
83
83
83
83
1
1
58
101
101
145
145
256
273
386
386
386
386
494
494
503
643
374
374
374
302
302
302
302
872
345
77
70
127
127
664
664
835
835
835
301
441
441
441
541
541
88
198
94
103
103
103
126
206
213
230
294
319
329
329
332
332
332
332
351
360
360
400
430
452
488
493
557
564
564
564
591
607
607
608
634
655
709
720
720
736
775
823
824
827
837
837
840
844
850
850
850
852
862
862
863
866
866
870
880
890
917
941
955
955
968
968
941
941
917
890
890
880
870
863
863
852
844
840
827
827
824
823
823
823
775
736
736
709
709
655
655
655
634
608
591
557
493
488
452
430
400
351
351
319
294
230
213
206
126
126
94
94
94
94
94
198
88
88
301
301
301
70
77
345
872
872
643
503
273
273
256
256
58
3
3
3
414
845
845
845
845
845
845
957
904
798
244
802
838
838
90
537
585
905
894
114
114
357
846
846
247
247
275
417
776
910
888
791
375
254
203
141
141
36
36
328
6
242
242
733
733
690
542
82
38
685
719
403
478
669
669
896
896
545
292
292
239
235
201
149
149
467
467
727
755
785
785
785
885
885
938
768
768
393
404
926
926
9
147
147
193
193
193
380
474
550
662
662
703
744
744
744
744
770
996
986
986
986
878
836
531
524
480
209
209
194
194
115
47
47
7
434
604
654
654
205
205
205
295
295
490
539
335
337
590
599
599
683
767
767
627
627
338
245
15
15
289
331
399
407
407
407
407
659
40
71
71
85
119
119
132
151
151
178
181
181
260
327
327
327
413
432
522
522
522
522
522
560
560
576
576
696
712
712
712
738
855
939
948
976
960
960
960
912
912
670
647
610
594
471
471
262
262
257
255
255
113
57
57
482
457
457
457
195
392
107
510
188
867
867
859
859
858
847
304
304
69
69
949
628
692
153
35
511
583
150
150
171
411
411
792
871
884
884
979
491
138
261
626
626
122
122
34
100
100
112
389
449
589
630
677
677
677
891
893
1000
956
956
883
801
801
200
200
152
423
535
229
808
500
500
464
11
81
39
39
60
307
573
782
782
782
782
20
20
24
31
31
31
41
49
65
73
128
135
148
197
197
197
197
197
204
204
215
219
267
283
314
314
314
314
325
326
343
343
366
373
387
408
439
439
465
477
477
477
507
507
516
516
520
529
529
529
534
534
534
534
534
543
543
546
563
609
612
621
621
633
633
638
682
723
723
756
771
915
915
927
945
964
969
969
995
995
964
945
945
927
771
756
682
682
682
638
612
609
563
563
546
520
520
465
408
387
387
373
373
373
373
366
366
366
326
325
325
325
283
267
219
219
215
148
135
128
73
65
49
49
41
41
24
24
573
307
307
60
60
60
81
81
11
11
464
464
808
229
229
535
423
152
152
883
883
1000
1000
893
891
630
589
449
389
112
34
261
261
138
491
979
871
792
171
171
583
511
511
35
35
153
692
628
628
949
847
847
858
188
510
107
392
195
482
482
113
257
257
594
594
610
647
647
670
976
948
948
948
939
855
855
738
696
696
432
413
260
178
178
132
85
40
659
399
331
289
245
245
245
338
683
590
590
337
337
335
335
539
539
490
604
434
434
7
115
115
115
480
480
480
480
480
480
524
524
531
531
836
878
996
770
770
703
703
550
474
474
474
380
380
9
404
393
393
938
755
727
201
235
239
239
545
478
403
403
719
685
38
82
542
542
690
6
328
203
254
375
375
375
791
888
910
776
417
417
275
357
894
905
585
585
537
537
90
90
802
244
244
244
798
904
904
957
414
414
58
503
503
643
345
77
77
77
70
198
206
206
206
206
213
230
294
319
319
319
400
430
430
430
452
488
488
488
493
493
557
557
591
608
634
634
634
634
775
824
840
844
844
852
870
870
880
880
917
968
955
866
862
837
837
837
720
720
607
607
607
607
607
607
360
360
360
360
360
329
541
664
127
494
145
101
1
177
177
436
116
897
757
757
48
196
929
929
783
783
693
693
641
54
156
156
156
418
588
72
860
796
538
538
182
182
424
645
766
813
274
426
37
751
974
248
618
618
618
700
705
745
786
797
930
930
930
930
763
572
276
67
761
497
445
552
2
2
382
293
293
778
518
518
518
959
962
962
91
726
701
701
106
106
106
352
352
352
993
268
551
17
17
59
80
97
155
159
212
212
214
226
226
226
311
311
324
367
367
367
376
420
420
420
444
448
450
451
451
466
470
484
484
484
492
512
515
515
515
515
515
525
527
553
553
571
574
581
584
586
632
632
637
651
658
686
715
715
725
725
730
739
754
803
803
803
803
809
864
875
892
895
928
965
965
981
992
992
981
928
895
892
875
864
864
864
809
754
754
754
739
739
730
730
686
658
658
651
637
586
584
581
574
571
527
525
512
512
512
512
492
470
466
450
450
448
444
376
324
324
214
159
159
155
155
155
97
80
59
551
268
993
726
91
91
959
959
778
382
382
552
445
497
761
761
67
276
276
572
763
763
763
797
786
745
745
705
700
248
974
974
974
751
751
37
426
274
813
766
766
645
424
796
860
72
72
588
418
418
418
418
54
641
196
48
897
897
116
116
436
1
1
101
101
101
101
101
145
494
127
664
541
541
329
862
862
866
866
955
968
968
917
917
852
852
840
824
824
775
608
591
452
452
452
400
400
400
294
230
213
198
70
345
345
643
58
58
58
957
957
957
798
798
798
802
802
905
905
894
357
357
275
776
910
888
791
254
203
328
6
690
690
82
82
82
38
685
719
478
545
545
235
201
201
727
755
938
938
938
404
9
9
550
996
878
836
836
7
604
490
683
338
289
331
399
659
40
85
85
132
260
260
260
413
432
432
432
432
432
738
738
939
976
670
670
610
113
195
195
195
195
392
107
107
510
188
858
949
692
153
583
583
583
583
792
871
979
979
979
491
138
138
138
34
112
389
389
389
389
449
589
589
630
891
893
893
423
423
535
808
808
573
65
65
65
65
65
73
128
135
135
148
215
215
215
267
283
283
326
408
465
465
546
609
612
612
638
756
771
927
927
964
995
969
969
915
915
723
633
621
621
621
543
516
507
439
343
204
20
20
20
39
39
500
500
200
200
801
801
956
100
122
626
626
884
411
411
150
150
150
69
69
304
304
859
867
57
57
57
57
255
262
471
912
576
576
560
181
151
151
119
71
15
15
627
767
599
599
295
654
654
47
194
209
662
662
147
147
147
926
768
885
467
149
292
292
292
292
896
896
896
669
733
242
36
141
247
846
114
838
838
256
256
256
273
872
872
872
872
88
88
126
351
709
736
736
736
827
863
863
863
890
941
850
850
564
103
441
441
441
835
374
374
322
52
52
28
28
28
468
468
660
397
397
169
839
839
428
428
363
363
363
363
363
363
363
313
313
253
172
172
172
172
853
853
110
110
68
68
312
13
166
166
764
784
784
784
354
980
22
26
61
78
93
109
109
118
129
129
130
130
144
158
158
165
175
175
175
175
175
176
176
183
234
249
249
270
270
278
278
278
300
306
306
316
316
336
336
349
349
358
369
402
422
422
431
440
440
454
455
483
495
514
532
554
556
566
567
567
570
635
635
649
650
650
665
667
668
687
714
714
749
777
777
777
777
787
794
829
856
881
881
881
886
886
886
886
886
901
921
946
947
953
954
954
954
999
999
999
999
953
947
946
921
901
901
856
829
794
794
794
787
749
687
668
667
665
649
570
566
556
554
554
532
514
514
495
495
483
455
454
431
402
369
369
358
300
234
234
183
183
183
165
144
118
93
78
61
61
26
22
980
354
354
764
13
13
312
253
253
169
169
660
322
322
835
103
103
564
564
564
941
941
890
890
827
709
351
126
273
114
114
846
247
247
141
141
36
242
733
669
149
149
467
885
768
768
926
209
194
194
47
295
767
627
71
71
119
181
560
912
471
471
471
471
262
255
255
255
867
859
884
122
122
122
122
100
956
204
204
204
343
343
439
439
507
516
516
543
633
723
723
723
995
964
771
771
771
756
638
638
609
609
546
408
326
267
148
128
128
73
73
73
573
573
573
535
535
891
891
630
630
449
112
34
491
871
871
792
792
153
692
949
858
858
188
510
392
113
610
976
939
413
132
40
40
40
659
399
331
331
331
289
289
338
683
490
604
7
878
996
996
550
550
550
550
550
404
755
727
235
478
719
685
685
38
38
38
38
6
6
328
203
203
254
254
254
791
888
910
910
776
275
894
643
643
643
70
70
198
213
230
230
294
591
608
608
608
775
840
840
840
955
329
664
127
127
494
145
145
436
48
196
641
54
54
588
588
588
588
860
860
796
796
424
645
813
274
274
426
426
426
37
248
248
700
705
786
797
572
67
67
67
497
497
497
445
552
552
552
778
726
726
993
268
551
59
80
97
214
376
376
376
376
444
448
466
466
470
470
492
492
525
525
527
527
571
574
581
581
584
586
637
637
651
686
809
875
892
895
928
928
981
992
992
992
965
725
715
715
632
553
451
311
311
311
212
17
701
962
293
2
182
538
693
783
783
783
929
757
757
177
720
880
870
844
557
493
503
503
503
414
414
904
90
90
537
585
417
542
403
239
393
393
380
380
380
380
703
770
531
524
434
539
539
335
337
337
590
590
178
696
855
647
594
594
257
482
847
628
35
511
171
261
1000
883
152
152
229
464
11
81
307
307
24
24
41
49
49
219
387
387
387
387
387
387
520
563
563
945
529
477
31
677
677
457
457
457
960
712
327
205
986
193
785
3
301
655
823
332
332
302
386
83
769
694
53
53
578
578
950
27
27
27
27
63
63
66
79
104
104
137
157
170
170
174
174
202
221
221
238
240
284
284
299
309
333
344
359
396
421
442
442
442
473
481
486
498
501
602
605
606
606
614
622
622
673
673
673
704
704
708
718
718
718
718
741
741
781
812
918
942
942
943
967
975
994
994
994
975
975
975
967
967
943
918
812
781
708
614
605
605
602
602
501
498
486
486
481
473
421
396
396
396
359
344
333
309
309
299
299
240
240
238
202
202
157
137
79
79
79
79
66
950
950
694
769
83
386
386
302
302
302
823
823
823
823
655
301
3
785
785
193
193
193
986
205
327
327
712
712
712
960
31
477
529
945
520
219
41
81
11
464
229
229
883
1000
261
171
511
511
35
35
35
35
35
35
628
628
628
847
482
257
647
855
696
178
335
335
434
434
524
531
770
770
770
703
703
703
703
239
239
239
239
403
542
417
585
537
537
537
537
904
904
493
557
844
870
870
870
880
880
880
720
177
177
929
693
538
538
538
182
2
293
293
293
962
701
17
212
212
212
451
553
553
632
725
725
725
965
965
981
981
895
895
892
875
809
686
651
586
586
584
584
574
571
448
444
214
214
97
80
59
59
59
551
268
993
993
778
778
445
445
572
572
797
786
705
700
700
37
813
645
645
424
641
196
196
48
436
494
494
664
664
329
955
955
775
775
591
294
213
213
198
198
894
894
275
776
776
888
888
791
791
328
719
478
235
727
755
755
755
404
404
878
878
878
7
7
604
604
490
683
338
399
659
132
413
939
976
610
113
392
510
188
188
188
188
949
692
153
491
34
112
112
449
148
267
326
326
326
408
546
546
546
756
964
995
633
543
543
507
956
100
884
884
859
867
262
912
560
181
119
119
119
119
627
627
767
767
767
295
47
209
209
209
209
926
885
885
467
669
669
669
733
242
242
36
846
846
273
126
351
709
827
827
835
660
660
312
764
764
980
22
26
78
93
93
118
144
165
165
300
358
402
402
431
454
455
455
455
483
532
556
566
570
570
649
649
649
665
667
668
687
749
749
787
787
829
856
921
946
947
947
953
953
714
650
635
567
440
422
349
336
316
316
306
270
249
176
176
158
130
129
129
129
109
166
68
110
110
110
853
853
313
428
428
428
428
428
839
397
468
52
374
374
850
88
838
838
838
662
654
654
599
15
15
15
151
576
304
69
411
411
626
801
801
801
200
200
500
39
39
915
915
915
969
969
927
612
612
465
283
283
283
135
808
808
808
423
423
423
423
893
589
589
107
670
738
85
836
836
836
836
9
201
545
545
690
690
690
357
357
905
802
802
345
824
852
852
852
917
917
968
866
862
541
541
541
1
116
897
72
766
766
751
751
745
276
276
761
382
959
91
159
324
450
658
658
658
730
730
739
484
420
367
226
226
352
106
518
618
156
156
156
156
837
488
488
430
319
77
244
375
474
115
115
245
948
948
948
60
325
366
682
314
782
782
407
744
536
698
952
44
45
95
98
98
117
121
121
121
121
121
131
140
142
146
162
168
168
168
168
168
168
216
243
250
272
353
362
368
368
409
409
416
446
463
472
472
475
475
475
517
517
517
517
517
517
517
528
569
569
616
631
646
653
684
684
691
691
697
721
721
722
743
772
780
780
810
811
811
811
819
819
819
819
820
820
831
834
841
857
874
874
874
887
898
900
902
920
920
936
971
977
978
978
982
991
991
982
977
971
936
902
900
898
887
857
841
834
834
831
831
831
810
772
743
722
697
653
653
646
646
631
616
616
528
463
446
416
362
353
353
353
272
272
272
250
243
216
216
216
162
146
142
142
140
140
131
131
117
117
95
95
45
44
952
698
536
536
536
536
744
407
407
314
682
366
325
60
245
245
245
474
375
244
244
77
319
430
430
837
618
518
106
352
367
367
420
484
484
484
739
450
324
159
91
959
382
761
745
72
897
116
1
1
862
862
866
968
824
345
345
905
201
201
9
85
738
670
107
893
893
135
465
927
927
500
626
69
304
304
576
151
151
599
662
88
850
52
468
397
839
839
313
68
68
166
109
130
158
249
270
270
306
306
336
349
422
422
422
440
567
635
635
650
714
946
921
856
856
856
829
829
829
687
668
667
665
566
556
532
483
483
454
431
358
358
358
300
144
118
118
78
26
22
980
312
312
312
312
835
835
709
351
126
273
273
36
36
36
733
467
926
47
47
47
295
181
560
912
262
867
859
859
100
100
956
507
507
633
633
995
995
964
756
408
408
408
408
267
148
148
148
148
148
148
449
449
34
491
153
692
692
692
949
510
392
113
610
976
976
976
939
939
939
413
413
132
659
399
399
338
683
490
727
727
235
478
478
478
719
328
275
294
591
329
329
329
329
329
436
436
48
641
424
813
37
705
786
797
268
551
551
551
551
551
551
80
80
97
444
448
571
571
571
574
651
651
686
809
875
875
892
632
451
451
17
701
962
2
2
182
182
693
929
929
720
720
844
557
493
585
417
542
542
403
531
531
524
178
178
696
696
855
855
855
647
257
482
482
847
171
261
1000
883
464
464
11
11
81
81
41
41
219
520
945
945
529
477
477
477
477
31
31
31
31
960
205
986
986
3
3
3
301
301
655
655
83
769
769
769
694
694
66
137
137
157
238
238
238
333
333
344
359
421
473
481
481
498
501
614
708
781
812
918
918
943
943
942
942
942
741
741
704
622
622
622
606
284
284
284
221
174
170
104
63
63
578
53
53
332
677
677
563
49
24
307
307
152
594
590
590
337
539
393
90
90
90
414
414
757
715
928
928
637
581
527
527
527
525
492
470
466
726
248
274
274
796
860
54
54
145
127
230
70
910
203
6
685
996
289
858
792
871
630
891
891
535
128
128
609
638
516
516
439
343
71
71
71
194
194
768
768
768
768
149
149
141
141
141
247
247
114
114
890
941
103
322
169
253
253
13
13
354
61
61
61
234
234
234
234
369
495
495
514
514
514
514
514
554
554
901
954
954
954
954
881
278
278
784
28
28
441
863
863
736
